6 6 239 0.000000
8 20 242 0.231031
8 20 241 0.231031
8 19 242 0.380947
8 19 241 0.317852
8 18 242 0.512114
8 18 241 0.474724
8 17 242 0.649830
8 17 241 0.602185
8 16 242 0.757463
8 16 241 0.670985
15 15 249 0.380947
15 15 248 0.512114
15 14 249 0.474724
15 14 248 0.575099
15 13 249 0.474724
15 13 248 0.575099
15 12 249 0.474724
15 12 248 0.575099
15 11 249 0.380947
15 11 248 0.512114
15 10 249 0.317852
15 10 248 0.380947
15 9 249 0.231031
8 21 241 0.000000
15 9 248 0.317852
8 21 242 0.000000
8 22 242 0.000000
10 20 243 0.431760
10 19 244 0.602185
10 19 243 0.602185
10 18 244 0.742308
10 18 243 0.709011
10 17 244 0.842409
10 17 243 0.809970
10 16 244 0.914214
10 16 243 0.886342
9 22 243 0.000000
9 22 242 0.000000
9 21 243 0.231031
9 21 242 0.231031
9 20 243 0.380947
9 20 242 0.317852
9 19 243 0.512114
9 19 242 0.474724
9 18 243 0.649830
9 18 242 0.602185
9 17 243 0.757463
9 17 242 0.709011
9 16 243 0.842409
9 16 242 0.809970
8 22 241 0.000000
15 8 249 0.000000
15 8 248 0.231031
14 15 248 0.602185
13 9 246 0.649830
13 8 247 0.474724
13 8 246 0.512114
12 15 246 0.870113
12 15 245 0.920330
12 14 246 0.920330
12 14 245 0.955128
12 13 246 0.955128
12 13 245 0.978333
12 12 246 0.920330
12 12 245 0.955128
12 11 246 0.870113
12 11 245 0.914214
12 10 246 0.809970
12 10 245 0.842409
12 9 246 0.709011
12 9 245 0.757463
12 8 246 0.602185
12 8 245 0.649830
11 15 245 0.955128
11 15 244 0.966326
11 14 245 0.978333
11 14 244 0.995004
13 9 247 0.602185
13 10 246 0.757463
13 10 247 0.670985
13 11 246 0.821367
14 14 248 0.670985
14 13 248 0.690656
14 12 248 0.670985
14 11 248 0.602185
14 10 248 0.512114
14 9 248 0.380947
14 8 248 0.317852
14 15 247 0.670985
14 14 247 0.757463
14 13 247 0.771739
14 12 247 0.757463
10 20 244 0.431760
14 11 247 0.670985
14 9 247 0.512114
14 8 247 0.380947
13 15 247 0.757463
13 15 246 0.821367
13 14 247 0.821367
13 14 246 0.870113
13 13 247 0.852127
13 13 246 0.907773
13 12 247 0.821367
13 12 246 0.870113
13 11 247 0.757463
14 10 247 0.602185
11 13 245 0.995004
10 21 243 0.231031
10 22 243 0.000000
16 13 249 0.317852
16 12 250 0.231031
16 12 249 0.317852
16 11 250 0.231031
16 11 249 0.317852
16 10 250 0.000000
16 10 249 0.231031
16 9 250 0.000000
16 9 249 0.000000
16 8 250 0.000000
16 8 249 0.000000
16 7 249 0.000000
15 21 248 0.000000
15 20 249 0.000000
15 20 248 0.000000
15 19 249 0.000000
15 19 248 0.000000
15 18 249 0.000000
15 18 248 0.231031
15 17 249 0.231031
15 17 248 0.317852
15 16 249 0.317852
15 16 248 0.380947
16 13 250 0.231031
14 21 248 0.000000
16 14 249 0.317852
16 15 249 0.317852
17 17 250 0.000000
17 16 250 0.000000
16 19 249 0.000000
16 18 250 0.000000
16 18 249 0.000000
16 17 250 0.000000
16 17 249 0.000000
16 16 250 0.000000
16 16 249 0.231031
17 15 251 0.000000
17 15 250 0.000000
17 14 251 0.000000
17 14 250 0.000000
17 13 251 0.000000
17 13 250 0.000000
17 12 251 0.000000
17 12 250 0.000000
17 11 251 0.000000
17 11 250 0.000000
17 10 251 0.000000
17 10 250 0.000000
17 9 250 0.000000
16 15 250 0.231031
16 14 250 0.231031
14 20 248 0.000000
14 19 248 0.231031
14 18 248 0.317852
12 19 246 0.474724
12 19 245 0.512114
12 18 246 0.626984
12 18 245 0.649830
12 17 246 0.757463
12 17 245 0.771739
12 16 246 0.821367
12 16 245 0.870113
11 22 245 0.000000
11 22 244 0.000000
11 21 245 0.231031
11 21 244 0.231031
11 20 245 0.431760
11 20 244 0.431760
11 19 245 0.602185
11 19 244 0.602185
11 18 245 0.709011
11 18 244 0.742308
11 17 245 0.809970
11 17 244 0.842409
11 16 245 0.893854
11 16 244 0.914214
10 22 244 0.000000
12 20 245 0.380947
12 20 246 0.317852
12 21 245 0.231031
12 21 246 0.231031
14 17 248 0.380947
14 16 248 0.512114
14 21 247 0.000000
14 20 247 0.231031
14 19 247 0.317852
14 18 247 0.380947
14 17 247 0.512114
14 16 247 0.602185
13 22 247 0.000000
13 22 246 0.000000
13 21 247 0.000000
10 21 244 0.231031
13 21 246 0.000000
13 20 246 0.231031
13 19 247 0.380947
13 19 246 0.431760
13 18 247 0.512114
13 18 246 0.602185
13 17 247 0.602185
13 17 246 0.670985
13 16 247 0.670985
13 16 246 0.757463
12 22 246 0.000000
12 22 245 0.000000
13 20 247 0.231031
11 13 244 1.000000
17 16 251 0.000000
11 12 244 0.990886
5 19 239 0.000000
5 18 239 0.000000
5 18 238 0.000000
5 17 239 0.000000
5 17 238 0.000000
5 16 239 0.231031
5 16 238 0.000000
4 17 238 0.000000
4 16 238 0.000000
7 15 241 0.670985
7 15 240 0.575099
7 14 241 0.709011
7 14 240 0.602185
7 13 241 0.757463
7 13 240 0.670985
7 12 241 0.709011
7 12 240 0.602185
7 11 241 0.670985
7 11 240 0.575099
7 10 241 0.602185
7 10 240 0.512114
7 9 241 0.512114
7 9 240 0.380947
6 16 239 0.317852
7 8 241 0.380947
6 17 239 0.231031
6 19 239 0.000000
8 6 241 0.231031
8 5 242 0.000000
8 5 241 0.000000
8 4 242 0.000000
8 4 241 0.000000
7 21 241 0.000000
7 21 240 0.000000
7 20 241 0.000000
7 20 240 0.000000
7 19 241 0.231031
7 19 240 0.231031
7 18 241 0.380947
7 18 240 0.317852
7 17 241 0.512114
7 17 240 0.380947
7 16 241 0.602185
7 16 240 0.512114
6 20 240 0.000000
6 19 240 0.000000
6 18 240 0.231031
6 17 240 0.317852
6 16 240 0.380947
6 20 239 0.000000
6 18 239 0.000000
7 8 240 0.317852
6 15 240 0.474724
6 14 240 0.512114
5 8 239 0.000000
5 8 238 0.000000
4 15 238 0.000000
4 15 237 0.000000
4 14 238 0.000000
4 14 237 0.000000
4 13 238 0.000000
4 13 237 0.000000
4 12 238 0.000000
4 12 237 0.000000
4 11 238 0.000000
4 11 237 0.000000
4 10 238 0.000000
4 9 238 0.000000
7 7 241 0.231031
7 7 240 0.231031
7 6 241 0.000000
7 6 240 0.000000
7 5 241 0.000000
7 5 240 0.000000
6 7 240 0.000000
6 6 240 0.000000
11 12 245 0.978333
5 9 238 0.000000
5 9 239 0.000000
5 10 238 0.000000
5 10 239 0.231031
6 13 240 0.575099
6 12 240 0.512114
6 11 240 0.474724
6 10 240 0.380947
6 9 240 0.317852
6 8 240 0.231031
6 15 239 0.317852
6 14 239 0.380947
6 13 239 0.474724
6 12 239 0.380947
6 11 239 0.317852
8 6 242 0.231031
6 10 239 0.317852
6 8 239 0.000000
5 15 239 0.231031
5 15 238 0.000000
5 14 239 0.317852
5 14 238 0.231031
5 13 239 0.317852
5 13 238 0.231031
5 12 239 0.317852
5 12 238 0.231031
5 11 239 0.231031
5 11 238 0.000000
6 9 239 0.231031
8 7 241 0.317852
6 7 239 0.000000
9 4 242 0.000000
8 7 242 0.380947
9 13 243 0.969627
9 13 242 0.931643
9 12 243 0.955128
9 12 242 0.914214
9 11 243 0.914214
9 11 242 0.870113
9 10 243 0.842409
9 10 242 0.809970
9 9 243 0.757463
9 9 242 0.709011
9 8 243 0.649830
9 8 242 0.602185
8 15 242 0.821367
8 15 241 0.757463
8 14 242 0.861352
8 14 241 0.785208
8 13 242 0.886342
8 13 241 0.821367
8 12 242 0.861352
8 12 241 0.785208
8 11 242 0.821367
8 11 241 0.757463
9 14 243 0.955128
8 10 242 0.757463
9 15 242 0.870113
10 8 243 0.709011
11 11 245 0.941816
11 11 244 0.962815
11 10 245 0.886342
11 10 244 0.914214
11 9 245 0.809970
11 9 244 0.842409
11 8 245 0.709011
11 8 244 0.742308
10 15 244 0.962815
10 15 243 0.941816
10 14 244 0.990886
10 14 243 0.978333
10 13 244 0.999942
10 13 243 0.990886
10 12 244 0.990886
10 12 243 0.978333
10 11 244 0.962815
10 11 243 0.941816
10 10 244 0.914214
10 10 243 0.886342
10 9 244 0.842409
10 9 243 0.809970
10 8 244 0.742308
9 15 243 0.914214
8 10 241 0.670985
9 14 242 0.914214
8 9 241 0.602185
11 7 245 0.602185
11 7 244 0.602185
11 6 245 0.431760
11 6 244 0.431760
11 5 245 0.231031
11 5 244 0.231031
11 4 245 0.000000
11 4 244 0.000000
10 7 244 0.602185
10 6 244 0.431760
10 6 243 0.431760
10 5 244 0.231031
10 5 243 0.231031
10 4 244 0.000000
10 4 243 0.000000
9 7 243 0.512114
9 7 242 0.474724
9 6 243 0.380947
9 6 242 0.317852
9 5 243 0.231031
9 5 242 0.231031
8 9 242 0.649830
9 4 243 0.000000
12 4 245 0.000000
12 4 246 0.000000
10 7 243 0.602185
12 5 246 0.231031
8 8 242 0.512114
12 5 245 0.231031
15 7 249 0.000000
15 7 248 0.000000
15 6 249 0.000000
15 6 248 0.000000
14 7 248 0.231031
14 6 248 0.000000
14 5 248 0.000000
14 7 247 0.231031
14 6 247 0.000000
14 5 247 0.000000
8 8 241 0.474724
13 7 246 0.380947
13 7 247 0.317852
12 6 246 0.317852
12 7 245 0.512114
12 7 246 0.474724
13 4 246 0.000000
12 6 245 0.380947
13 5 246 0.000000
13 5 247 0.000000
13 6 246 0.231031
13 6 247 0.231031
13 4 247 0.000000
