189 12 136 0.864911
189 20 135 0.232685
189 19 135 0.320054
189 18 135 0.477777
189 17 135 0.605747
189 16 135 0.674722
189 21 135 0.000000
189 15 136 0.825087
189 14 136 0.864911
189 13 136 0.889741
189 11 136 0.825087
188 14 137 0.957650
189 9 136 0.653523
189 8 136 0.515336
188 15 137 0.917358
188 15 136 0.873622
188 14 136 0.917358
188 13 137 0.971793
188 13 136 0.934571
188 12 137 0.957650
188 12 136 0.917358
189 22 135 0.000000
189 10 136 0.761278
190 16 134 0.515336
184 18 140 0.515336
190 17 134 0.383515
184 17 141 0.605747
184 17 140 0.653523
184 16 141 0.674722
184 16 140 0.761278
191 20 134 0.000000
191 20 133 0.000000
191 19 134 0.000000
191 19 133 0.000000
191 18 134 0.232685
191 18 133 0.000000
191 17 134 0.320054
191 17 133 0.232685
191 16 134 0.383515
191 16 133 0.320054
190 21 135 0.000000
190 21 134 0.000000
190 20 135 0.000000
190 20 134 0.000000
190 19 135 0.232685
190 19 134 0.232685
190 18 135 0.383515
190 18 134 0.320054
190 17 135 0.515336
190 16 135 0.605747
188 11 137 0.917358
185 9 139 0.761278
188 10 137 0.846056
186 12 138 0.992162
186 11 139 0.944588
186 11 138 0.965162
186 10 139 0.889741
186 10 138 0.917358
186 9 139 0.813720
186 9 138 0.846056
186 8 139 0.712806
186 8 138 0.746124
185 15 140 0.873622
185 15 139 0.917358
185 14 140 0.917358
185 14 139 0.957650
185 13 140 0.934571
185 13 139 0.971793
185 12 140 0.917358
185 12 139 0.957650
185 11 140 0.873622
185 11 139 0.917358
185 10 140 0.813720
185 10 139 0.846056
185 9 140 0.712806
185 8 140 0.605747
186 12 139 0.980214
186 13 138 1.000000
186 13 139 0.992162
186 14 138 0.992162
188 10 136 0.813720
188 9 137 0.761278
188 9 136 0.712806
188 8 137 0.653523
188 8 136 0.605747
187 15 138 0.965162
187 15 137 0.944588
187 14 138 0.992162
187 14 137 0.980214
187 13 138 1.000000
187 13 137 0.992162
188 11 136 0.873622
187 12 138 0.992162
187 11 138 0.965162
187 11 137 0.944588
187 10 138 0.917358
187 10 137 0.889741
187 9 138 0.846056
187 9 137 0.813720
187 8 138 0.746124
187 8 137 0.712806
186 15 139 0.944588
186 15 138 0.965162
186 14 139 0.980214
187 12 137 0.980214
184 18 141 0.477777
188 17 136 0.712806
184 19 141 0.320054
192 12 132 0.232685
192 11 133 0.232685
192 11 132 0.000000
192 10 133 0.232685
192 10 132 0.000000
192 9 133 0.000000
192 9 132 0.000000
192 8 133 0.000000
192 8 132 0.000000
192 7 133 0.000000
189 22 136 0.000000
189 21 136 0.000000
189 20 136 0.232685
189 19 136 0.383515
189 18 136 0.515336
189 17 136 0.653523
189 16 136 0.761278
188 22 137 0.000000
188 22 136 0.000000
188 21 137 0.232685
188 21 136 0.232685
188 20 137 0.383515
188 20 136 0.320054
192 12 133 0.320054
188 19 137 0.515336
192 13 132 0.232685
192 14 132 0.232685
192 19 133 0.000000
185 8 139 0.653523
192 18 133 0.000000
192 18 132 0.000000
192 17 133 0.000000
192 17 132 0.000000
192 16 133 0.232685
192 16 132 0.000000
193 15 132 0.000000
193 15 131 0.000000
193 14 132 0.000000
193 14 131 0.000000
193 13 132 0.000000
193 13 131 0.000000
193 12 132 0.000000
193 12 131 0.000000
193 11 132 0.000000
193 11 131 0.000000
193 10 132 0.000000
193 9 132 0.000000
192 15 133 0.232685
192 15 132 0.000000
192 14 133 0.320054
192 13 133 0.320054
188 19 136 0.477777
188 18 137 0.653523
188 18 136 0.605747
186 17 138 0.846056
186 16 139 0.889741
186 16 138 0.917358
185 22 140 0.000000
185 22 139 0.000000
185 21 140 0.232685
185 21 139 0.232685
185 20 140 0.320054
185 20 139 0.383515
185 19 140 0.477777
185 19 139 0.515336
185 18 140 0.605747
185 18 139 0.653523
185 17 140 0.712806
185 17 139 0.761278
185 16 140 0.813720
185 16 139 0.846056
184 22 141 0.000000
184 22 140 0.000000
184 21 141 0.000000
184 21 140 0.000000
184 20 141 0.232685
184 20 140 0.232685
186 17 139 0.813720
186 18 138 0.746124
186 18 139 0.712806
186 19 138 0.605747
188 17 137 0.761278
188 16 137 0.846056
188 16 136 0.813720
187 22 138 0.000000
187 22 137 0.000000
187 21 138 0.232685
187 21 137 0.232685
187 20 138 0.434600
187 20 137 0.434600
187 19 138 0.605747
187 19 137 0.605747
184 19 140 0.383515
187 18 138 0.746124
187 17 138 0.846056
187 17 137 0.813720
187 16 138 0.917358
187 16 137 0.889741
186 22 139 0.000000
186 22 138 0.000000
186 21 139 0.232685
186 21 138 0.232685
186 20 139 0.434600
186 20 138 0.434600
186 19 139 0.605747
187 18 137 0.712806
184 15 141 0.761278
190 5 135 0.000000
184 14 141 0.789002
182 16 142 0.383515
181 19 143 0.000000
181 18 143 0.000000
181 17 143 0.000000
181 16 143 0.232685
181 15 144 0.000000
181 14 144 0.232685
181 13 144 0.232685
181 12 144 0.232685
181 11 144 0.000000
181 10 144 0.000000
181 9 144 0.000000
181 8 144 0.000000
180 15 145 0.000000
180 15 144 0.000000
180 14 145 0.000000
180 14 144 0.000000
180 13 145 0.000000
180 13 144 0.000000
180 12 145 0.000000
180 12 144 0.000000
180 11 145 0.000000
180 11 144 0.000000
182 16 143 0.320054
180 10 144 0.000000
182 17 142 0.320054
182 18 142 0.232685
189 4 135 0.000000
181 18 144 0.000000
181 17 144 0.000000
181 16 144 0.000000
180 17 144 0.000000
180 16 144 0.000000
183 21 142 0.000000
183 21 141 0.000000
183 20 142 0.000000
183 20 141 0.000000
183 19 142 0.232685
183 19 141 0.232685
183 18 142 0.320054
183 18 141 0.383515
183 17 142 0.383515
183 17 141 0.515336
183 16 142 0.515336
183 16 141 0.605747
182 20 143 0.000000
182 20 142 0.000000
182 19 143 0.000000
182 19 142 0.000000
182 18 143 0.000000
182 17 143 0.232685
189 5 135 0.000000
180 9 144 0.000000
183 15 141 0.674722
182 9 142 0.320054
182 8 143 0.000000
182 8 142 0.232685
181 15 143 0.232685
181 14 143 0.320054
181 13 143 0.320054
181 12 143 0.320054
181 11 143 0.232685
181 10 143 0.232685
181 9 143 0.000000
181 8 143 0.000000
183 7 142 0.232685
183 7 141 0.232685
183 6 142 0.000000
183 6 141 0.000000
183 5 142 0.000000
183 5 141 0.000000
182 7 143 0.000000
182 7 142 0.000000
182 6 143 0.000000
182 6 142 0.000000
181 7 143 0.000000
193 16 132 0.000000
182 9 143 0.232685
183 15 142 0.578569
182 10 142 0.383515
182 11 142 0.477777
183 14 142 0.605747
183 14 141 0.712806
183 13 142 0.674722
183 13 141 0.761278
183 12 142 0.605747
183 12 141 0.712806
183 11 142 0.578569
183 11 141 0.674722
183 10 142 0.515336
183 10 141 0.605747
183 9 142 0.383515
183 9 141 0.515336
183 8 142 0.320054
183 8 141 0.383515
182 15 143 0.320054
182 15 142 0.477777
182 14 143 0.383515
182 14 142 0.515336
182 13 143 0.477777
182 13 142 0.578569
182 12 143 0.383515
182 12 142 0.515336
182 11 143 0.320054
182 10 143 0.320054
189 6 135 0.232685
189 7 135 0.320054
190 5 134 0.000000
191 8 134 0.232685
191 8 133 0.000000
190 15 135 0.674722
190 15 134 0.578569
190 14 135 0.712806
190 14 134 0.605747
190 13 135 0.761278
190 13 134 0.674722
190 12 135 0.712806
190 12 134 0.605747
190 11 135 0.674722
190 11 134 0.578569
190 10 135 0.605747
190 10 134 0.515336
190 9 135 0.515336
190 9 134 0.383515
190 8 135 0.383515
190 8 134 0.320054
189 15 135 0.761278
189 14 135 0.789002
189 13 135 0.825087
189 12 135 0.789002
189 11 135 0.761278
191 9 133 0.232685
189 10 135 0.674722
191 9 134 0.320054
191 10 134 0.383515
184 14 140 0.864911
184 13 141 0.825087
184 13 140 0.889741
184 12 141 0.789002
184 12 140 0.864911
184 11 141 0.761278
184 11 140 0.825087
184 10 141 0.674722
184 10 140 0.761278
184 9 141 0.605747
184 9 140 0.653523
184 8 141 0.477777
184 8 140 0.515336
191 15 134 0.477777
191 15 133 0.320054
191 14 134 0.515336
191 14 133 0.383515
191 13 134 0.578569
191 13 133 0.477777
191 12 134 0.515336
191 12 133 0.383515
191 11 134 0.477777
191 11 133 0.320054
191 10 133 0.320054
189 9 135 0.605747
189 8 135 0.477777
189 7 136 0.383515
185 7 139 0.515336
185 6 140 0.320054
185 6 139 0.383515
185 5 140 0.232685
185 5 139 0.232685
185 4 140 0.000000
185 4 139 0.000000
184 7 141 0.320054
184 7 140 0.383515
184 6 141 0.232685
184 6 140 0.232685
184 5 141 0.000000
184 5 140 0.000000
184 4 141 0.000000
184 4 140 0.000000
191 7 134 0.000000
191 7 133 0.000000
191 6 134 0.000000
191 6 133 0.000000
190 7 135 0.232685
190 7 134 0.232685
190 6 135 0.000000
190 6 134 0.000000
185 7 140 0.477777
186 4 138 0.000000
186 4 139 0.000000
186 5 138 0.232685
189 6 136 0.232685
189 5 136 0.000000
189 4 136 0.000000
188 7 137 0.515336
188 7 136 0.477777
188 6 137 0.383515
188 6 136 0.320054
188 5 137 0.232685
188 5 136 0.232685
188 4 137 0.000000
188 4 136 0.000000
184 15 140 0.825087
187 7 138 0.605747
187 6 138 0.434600
187 6 137 0.434600
187 5 138 0.232685
187 5 137 0.232685
187 4 138 0.000000
187 4 137 0.000000
186 7 139 0.605747
186 7 138 0.605747
186 6 139 0.434600
186 6 138 0.434600
186 5 139 0.232685
187 7 137 0.605747
193 17 132 0.000000
